#    0.000   0.000   0.000 ;Mean Elev.(m), Avg Gradient(m/km), RMS Gradient(m/km) - SRTM1     
#    0.000   0.000   0.000 ;Mean Elev.(m), Avg Gradient(m/km), RMS Gradient(m/km) - ASTER GDEM
#    6.039  -1.457   5.770 ;Mean Elev.(m), Avg Gradient(m/km), RMS Gradient(m/km) - GMTED2010 
   1 308.294423   4.024998     2.107     2.074  7 54667.43021225 48.728
   2 308.293440   4.025681     2.064     1.980  8 54677.34585645 51.012
   3 308.293883   4.025658   -63.838   -59.696  9 54687.26149918  9.216
   4 308.295941   4.024150     0.127     0.032  5 54697.17713992 52.271
   5 308.298107   4.022959   -45.697   -45.697  2 54707.09278056 14.281
   6 308.295898   4.023188     0.607     0.623  5 54717.00843216 42.241
   7 308.294197   4.026570   -17.127   -13.510  8 54726.92408215 22.146
   8 308.288944   4.021946     2.023     2.052  7 54736.83972887 42.404
   9 308.284835   4.018363     0.027    -0.380  6 54746.75537562 27.375
  10 308.283655   4.018498    -0.057    -0.052  6 54756.67102304 49.817
  11 308.284560   4.018559    -0.341    -0.748  6 54766.58666884 21.969
  12 308.287093   4.020663     0.055     0.065  7 54776.50231198 48.025
  13 308.288731   4.021950     0.534     0.542  7 54786.41795229 47.838
  14 308.289407   4.021602     1.408     1.386  7 54796.33359068 55.140
  17 308.295249   4.024513    -0.141    -0.188  6 54826.08051411 47.918
  18 308.292184   4.025175     0.043     0.161  8 54835.99615328 49.039
  19 308.285835   4.018645     0.545     0.488  6 54845.91180111 43.838
  20 308.282829   4.017643     1.530     1.534  6 54855.82744995 48.561
  21 308.281174   4.016096     1.981     1.903  5 54865.74309884 24.017
  22 308.281269   4.016656     1.829     2.120  5 54875.65874790 25.208
  23 308.282144   4.016774     1.417     1.206  5 54885.57439399 28.378
  24 308.282038   4.016791     0.729     0.837  6 54895.49003637 28.620
  25 308.281261   4.016714     0.937     0.835  5 54905.40567574 53.302
  26 308.281231   4.015790     1.605     1.616  5 54915.32131350 52.379
  27 308.283305   4.017276     2.055     2.083  6 54925.23695145 53.032
  28 308.287928   4.021299     0.757     0.699  7 54935.15258941 49.842
  29 308.294075   4.026021     0.340     0.321  9 54945.06822572 50.641
  30 308.297811   4.023350    -0.414    -0.414  2 54954.98385798 43.039
  31 308.295892   4.022729     0.325     0.327  5 54964.89950410 25.620
  32 308.293752   4.024648     1.156     1.149  8 54974.81515241 24.868
  33 308.292034   4.024497     1.775     1.731  9 54984.73080015 24.068
  34 308.291939   4.024425   -20.692   -20.637  8 54994.64644797 16.159
  35 308.291519   4.024090     1.967     1.932  8 55004.56209433 23.096
  36 308.289807   4.022752    -0.099    -0.112  8 55014.47773805 47.222
  37 308.288088   4.021649     0.245     0.145  7 55024.39338025 53.118
  38 308.286936   4.020024     0.831     0.821  7 55034.30902160 49.127
  39 308.289453   4.022403     1.285     1.236  8 55044.22466332 54.969
  40 308.294274   4.024753     0.833     0.818  8 55054.14030355 49.107
  41 308.297307   4.023658     0.773     0.807  4 55064.05594077 50.127
  42 308.295298   4.023356    -0.008     0.038  6 55073.97158649 25.485
  43 308.291541   4.024454     0.135     0.132  8 55083.88723445 44.454
  44 308.286959   4.020815     0.494     0.599  6 55093.80288016 21.560
  45 308.285281   4.019492     0.612     0.612  6 55103.71852659 38.074
  46 308.285206   4.018908     0.642     0.644  5 55113.63417312 16.681
  47 308.286671   4.019803     0.426     0.431  6 55123.54981763 19.628
  48 308.288579   4.022092    -0.087    -0.094  7 55133.46545949 54.227
  49 308.289347   4.023065    -0.855    -0.871  7 55143.38109864 55.042
  50 308.289305   4.022206    -0.511    -0.559  8 55153.29673646 52.458
  51 308.291453   4.023928     0.856     0.851  8 55163.21237523 54.156
  52 308.294721   4.024993     1.679     1.670  8 55173.12801367 30.849
  53 308.297452   4.023264     1.044     1.083  3 55183.04365063 37.380
  54 308.294932   4.025826    -0.154    -0.221  7 55192.95930221 42.268
  55 308.289064   4.022133     1.452     1.634  7 55202.87495115 22.488
  56 308.284608   4.018667     1.476     1.794  6 55212.79059984 24.212
  57 308.283589   4.018494     1.545     1.498  6 55222.70624911 39.043
  58 308.283396   4.017478     2.052     2.020  5 55232.62189692 25.681
  59 308.284937   4.018660     1.905     1.871  6 55242.53754201 23.929
  60 308.284370   4.018689     0.387     0.375  6 55252.45318312 53.006
  61 308.282375   4.017116    -0.256    -0.200  5 55262.36882122 52.585
  62 308.282798   4.017608    -0.403    -0.357  5 55272.28445872 43.904
  63 308.286488   4.020509     0.640     0.631  6 55282.20009675 53.320
  64 308.292579   4.025765     1.286     1.270  8 55292.11573427 53.254
  65 308.295954   4.023377     1.274     1.244  5 55302.03136845 53.395
  66 308.294938   4.025253     1.084     1.062  7 55311.94701613 50.585
  67 308.292810   4.025185     0.184    -0.194  9 55321.86266123 32.104
  68 308.290199   4.022963    -0.103    -0.115  8 55331.77830491 46.049
  69 308.289547   4.023203     2.181     2.076  8 55341.69394927 22.390
  70 308.290680   4.024216     1.892     1.853  8 55351.60959376 27.954
  71 308.291835   4.023851     1.894     1.828  8 55361.52523570 48.948
  72 308.292643   4.024911     1.104     1.095  8 55371.44087561 43.548
  74 308.294090   4.024795    -0.309    -0.346  8 55391.27215079 51.097
  75 308.296927   4.023983    -0.033    -0.078  4 55401.18778668 44.777
  76 308.296764   4.023361     1.837     1.815  4 55411.10343540 52.480
  77 308.295662   4.024415     2.587     2.633  6 55421.01908504 51.927
  78 308.293462   4.025286     1.433     1.454  9 55430.93473178 32.989
  79 308.289018   4.022082     1.829     1.750  8 55440.85037550 20.809
  80 308.286456   4.019904     0.600     0.424  6 55450.76601837 26.890
  81 308.287322   4.020464    -0.867    -0.854  7 55460.68166159 29.138
  82 308.290473   4.023225     1.317     1.364  8 55470.59730433 22.766
  83 308.293805   4.025946     2.069     1.990  9 55480.51294401 45.688
  84 308.295145   4.024776     1.634     1.602  6 55490.42858001 49.807
  85 308.296658   4.024491     0.058     0.029  5 55500.34421384 54.769
  86 308.295708   4.024393    -0.337    -0.373  6 55510.25985554 52.608
  87 308.293984   4.026415    -0.745    -0.768  8 55520.17550541 51.930
  88 308.292158   4.024653     0.688     0.694  9 55530.09115347 53.649
  89 308.290803   4.022943     1.995     1.937  8 55540.00680004 52.921
  90 308.290189   4.023805     1.330     1.291  8 55549.92244522 42.979
  91 308.287148   4.020085     2.081     2.050  7 55559.83808783 23.020
  92 308.286248   4.019057     0.251     0.350  6 55569.75373047 42.264
  93 308.288004   4.020793     1.979     2.011  7 55579.66937299 22.482
  94 308.291396   4.023580     1.233     1.208  8 55589.58501319 26.861
  95 308.295340   4.025910     2.057     1.954  7 55599.50065009 51.276
  96 308.296622   4.023672     2.232     2.153  4 55609.41628317 49.469
  97 308.297891   4.022840     1.304     1.304  2 55619.33191463 47.902
  98 308.295496   4.024668    -0.079    -0.063  7 55629.24756357 52.503
  99 308.293917   4.024609    -0.176    -0.161  8 55639.16321395 34.820
 100 308.294077   4.025553    -0.240    -0.274  9 55649.07886242 50.647
 101 308.293726   4.025920     2.007     2.018  8 55658.99450766 48.616
 102 308.292397   4.024843     2.698     2.709  9 55668.91014891 43.061
 103 308.292264   4.025452     1.293     1.318  8 55678.82578854 27.374
 104 308.293477   4.025090     2.060     2.087  8 55688.74142634 21.998
 105 308.295499   4.023799     0.189     0.187  6 55698.65706257 44.455
 106 308.297994   4.023504     0.216     0.154  3 55708.57269986 45.590
 107 308.295738   4.024171     2.244     2.137  5 55718.48835059 43.192
 108 308.293576   4.025667     2.471     2.381  8 55728.40399880 52.402
 109 308.291042   4.023191     1.154     1.129  8 55738.31964445 54.210
 110 308.290805   4.024428     0.483     0.505  8 55748.23528971 54.170
 111 308.291241   4.023809     0.464     0.795  8 55758.15093237 26.546
 112 308.293484   4.025245     0.017     0.037  8 55768.06657294 51.317
 113 308.295245   4.025052     1.050     1.078  7 55777.98221020 47.070
 114 308.296308   4.023485     1.303     1.187  5 55787.89784479 34.993
 115 308.297958   4.023209     1.887     1.887  2 55797.81347860 19.434
 116 308.297248   4.023554     1.774     1.830  4 55807.72912281 20.893
 117 308.296289   4.023937    -0.052    -0.067  6 55817.64477228 42.962
 118 308.296650   4.023786    -0.737    -0.694  5 55827.56041802 33.469
 119 308.297316   4.024434     0.136     0.140  4 55837.47605947 48.596
 120 308.296947   4.023650     1.436     1.388  5 55847.39169723 45.747
 121 308.297419   4.022298     1.770     1.862  3 55857.30733236 45.094
 122 308.297116   4.024351     0.577     0.590  4 55867.22297735 46.801
 123 308.295025   4.024164    -0.046    -0.001  6 55877.13862904 50.210
 133 308.291953   4.025317     1.805     1.751  8 55976.29506196 54.336
 134 308.294756   4.024858     0.483     0.464  7 55986.21069794 46.196
 135 308.298213   4.023445     0.679     0.658  3 55996.12633400 50.450
 136 308.296673   4.024224     0.327     0.299  5 56006.04198531 52.015
 137 308.294713   4.025610     0.842     0.607  8 56015.95763280 32.245
 139 308.289021   4.022679     1.596     1.636  7 56035.78891949 30.763
 141 308.294490   4.026001     2.064     2.058  8 56055.62020014 21.744
 142 308.297315   4.023210     0.319     0.363  4 56065.53583404 43.637
 143 308.296102   4.024135     0.178     0.181  6 56075.45147982 43.681
 144 308.292433   4.024305     0.758     0.635  8 56085.36712856 37.786
 145 308.290617   4.023421     1.470     1.459  8 56095.28277467 55.121
 146 308.291802   4.024612     1.545     1.549  8 56105.19841931 34.605
 147 308.293622   4.024950     1.236     1.280  8 56115.11404935 52.307
 148 308.295763   4.024951     0.234     0.200  6 56125.02968724 52.618
 149 308.297547   4.024080     0.050     0.054  4 56134.94532111 25.738
 150 308.296560   4.023390     0.196     0.163  4 56144.86096201 25.140
 151 308.294100   4.024538     0.706     0.685  8 56154.77661237 33.877
 152 308.293382   4.026160     1.772     1.740  8 56164.69226200 23.396
 153 308.293284   4.025333     1.730     1.679  8 56174.60790903 19.091
 154 308.294684   4.025737     0.325     0.385  7 56184.52355127 32.778
 155 308.295007   4.025115    -0.272    -0.229  7 56194.43918927 50.303
 156 308.295061   4.024753    -0.230    -0.315  6 56204.35482421 50.235
 157 308.296318   4.023453     0.796     0.770  5 56214.27045729 51.611
 159 308.297534   4.023616     0.969     0.926  4 56234.10174840 48.968
 160 308.296064   4.024742     0.223     0.221  6 56244.01740033 39.125
 161 308.294307   4.026471     0.109     0.056  8 56253.93304772 38.395
 162 308.291887   4.024306    -0.219    -0.239  8 56263.84869021 39.949
 164 308.291692   4.023532     1.166     1.030  8 56283.67997600 21.504
 165 308.290505   4.022873     1.816     1.743  8 56293.59562777 19.239
 166 308.289233   4.022406     0.748     0.714  8 56303.51127511 43.810
 167 308.287090   4.020108     1.068     1.654  7 56313.42691769 24.672
 168 308.286058   4.018917    -0.691    -0.661  6 56323.34255816 48.527
 169 308.288245   4.021987    -0.699    -0.781  7 56333.25819891 51.619
 170 308.292352   4.025664     0.986     0.993  8 56343.17383936 49.568
 171 308.296023   4.025329     1.870     1.836  6 56353.08947667 38.481
 172 308.296674   4.024988     1.781     1.798  5 56363.00511854 25.385
 173 308.293348   4.025431    -0.122    -0.157  8 56372.92076730 36.046
 175 308.285555   4.018705     0.206     0.435  6 56392.75205622 29.853
 176 308.287676   4.020608     1.157     1.171  7 56402.66769962 37.078
 177 308.291835   4.023968     2.158     2.130  8 56412.58334063 47.445
 178 308.296065   4.024362     1.383     1.369  6 56422.49897592 48.364
 179 308.295855   4.023811     0.246     0.209  5 56432.41461741 52.516
 180 308.291288   4.024846    -0.007    -0.005  8 56442.33026935 54.420
 181 308.286664   4.020033    -0.118    -0.113  7 56452.24591740 54.910
 182 308.286839   4.020589     1.197     1.141  6 56462.16156449 53.696
 183 308.288371   4.021331     2.111     2.146  7 56472.07720848 51.871
 184 308.291040   4.023793     1.727     1.708  8 56481.99284954 52.916
 185 308.293035   4.025885     1.613     1.767  8 56491.90848700 24.790
 187 308.297972   4.023960     1.648     1.743  3 56511.73975507 22.665
 188 308.297938   4.022934    -0.182    -0.182  2 56521.65540134 41.749
 189 308.296198   4.024012     1.534     1.531  5 56531.57105464 41.389
 191 308.292711   4.025650     0.943     0.815  8 56551.40234905 52.428
 192 308.290207   4.023875    -0.250    -0.334  8 56561.31799103 52.105
 193 308.289611   4.022728    -0.656    -0.719  7 56571.23363205 54.583
 194 308.292781   4.025487    -0.421    -0.459  8 56581.14927268 51.703
 195 308.297136   4.023891     1.504     1.461  4 56591.06490839 33.250
 196 308.296621   4.023850     2.099     2.102  4 56600.98055652 45.400
 197 308.293635   4.024886     1.038     1.109  8 56610.89620670 26.203
 198 308.290761   4.023424    -0.592    -0.660  8 56620.81185198 23.946
 199 308.290187   4.023848    -0.906    -0.889  8 56630.72749495 19.165
 200 308.292916   4.025129    -0.847    -0.813  9 56640.64313470 24.394
 201 308.293654   4.025885     1.758     1.759  9 56650.55878258 26.675
 202 308.290711   4.023467     2.369     2.350  8 56660.47443286 54.934
 203 308.287700   4.021080     1.454     1.416  7 56670.39007937 52.311
 205 308.287345   4.020846     0.336     0.414  7 56690.22136700 53.261
 206 308.291156   4.023376    -0.432    -0.586  8 56700.13700749 47.151
 207 308.295244   4.024106     1.700     1.689  6 56710.05264296 36.822
 208 308.295422   4.025153     2.857     2.841  6 56719.96828470 44.234
 209 308.290172   4.023275   -13.890   -13.754  8 56729.88393604 11.951
 211 308.284800   4.018220     2.159     2.151  6 56749.71522756 23.748
 212 308.289020   4.022076     0.580     0.723  7 56759.63086838 27.660
 213 308.294974   4.024691     1.100     1.082  6 56769.54650268 40.896
 214 308.293275   4.025404     2.290     2.224  9 56779.46215283 39.407
 215 308.286884   4.019991     1.867     1.824  6 56789.37780634 53.241
 216 308.281733   4.016749     0.762     0.729  6 56799.29345684 45.333
 217 308.280445   4.015578     0.322     0.332  5 56809.20910176 53.565
 219 308.288687   4.022005     0.629     0.590  7 56829.04037983 54.188
 220 308.293933   4.024779   -13.002   -12.531  8 56838.95601400 21.035
 221 308.296886   4.022809     2.108     2.108  4 56848.87164568 45.809
 222 308.293942   4.026061     1.700     1.660  9 56858.78730077 24.999
 223 308.290809   4.024242     0.188     0.163  8 56868.70295395 51.369
 224 308.288587   4.021760    -0.203    -0.223  7 56878.61860494 40.359
 225 308.286948   4.020605    -0.558    -0.460  7 56888.53425289 40.647
 226 308.284589   4.018549     1.314     1.313  5 56898.44989770 52.563
 227 308.282454   4.017137     2.475     2.584  5 56908.36553996 49.786
 228 308.282799   4.017583     1.260     1.204  5 56918.28118070 54.945
 229 308.286325   4.019756     0.094     0.005  7 56928.19682000 52.817
 230 308.293187   4.025779    -0.112    -0.095  8 56938.11245630 51.215
 231 308.297478   4.023896    -0.473    -0.448  4 56948.02808912 36.685
 232 308.294755   4.025863     1.511     1.483  8 56957.94374270 40.401
 233 308.291026   4.023913     1.496     1.461  7 56967.85939032 28.778
 234 308.289705   4.022996     0.989     0.974  7 56977.77503461 23.307
 235 308.291167   4.023146     0.203    -0.006  8 56987.69067498 13.957
 236 308.295892   4.024323    -0.156    -0.085  6 56997.60630981 20.741
 237 308.295472   4.024408     0.482     0.642  6 57007.52195790 24.192
 238 308.292213   4.024729     0.384     0.389  8 57017.43761159 53.097
 239 308.288641   4.022366     0.883     0.827  7 57027.35326095 46.655
 240 308.286587   4.020170     0.926     0.778  6 57037.26890841 28.059
 241 308.287469   4.020492     0.418     0.353  7 57047.18455397 34.252
 242 308.291398   4.025000     0.363     0.361  8 57057.10019702 39.137
 243 308.294144   4.025684    -0.113    -0.185  8 57067.01583380 42.555
 244 308.295351   4.023594     0.582     0.373  6 57076.93146575 31.618
 245 308.298161   4.024025     1.459     1.347  3 57086.84709689 34.111
 246 308.293631   4.026070     1.870     1.870  8 57096.76275607 24.363
 247 308.289519   4.023109     1.742     1.865  7 57106.67841143 25.896
 248 308.288990   4.022696     2.071     2.100  7 57116.59406276 22.977
 249 308.289196   4.022718     1.930     1.939  7 57126.50970786 21.922
 250 308.289579   4.023032     0.632     0.574  7 57136.42534740 47.260
